23.268577759852462
21.642677883151748
51.360401126789014
56.54795863525942
12.732402958907102
4.2685875562020215
19.82258292473844
10.202155882725663
13.12683823867718
2.3783792222382374
3.8955465590117626
26.104459971887948
28.890113961184397
26.891536608803918
20.50525599974206
7.040486192563478
5.030959691153825
2.694990628631757
4.468776414869438
6.75139565672724
3.732789914589418
4.230822836980295
4.099281049799174
43.940015087835434
10.664505527354791
0.7327892614994482
5.182325703091877
2.0718662841244964
70.06414794921875
1.9073875546455383
1.9073875546455383
9.907387554645538
5.2525811195373535
1.9073875546455383
1.9073875546455383
1.9073875546455383
1.9073875546455383
1.9073875546455383
1.9073875546455383
1.9073875546455383
1.9073875546455383
7.907387815881527
35.54782260605134
21.990420772694037
2.1261936083901585
7.965964317321777
8.907387685263533
4.351522445678711
1.9073875546455383
1.9073875546455383
4.907387685263533
0.7645362615585327
9.907387554645538
5.2525811195373535
1.9073875546455383
1.9073875546455383
1.9073875546455383
1.9073875546455383
1.9073875546455383
8.907387685263533
4.351522445678711
1.9073875546455383
1.9073875546455383
1.9073875546455383
1.9073875546455383
1.9073875546455383
10.907387424027544
18.84465633681975
20.825088500976562
1.9073875546455383
1.9073875546455383
1.9073875546455383
1.9073875546455383
13.907388077117515
96.12619177973824
1.6281763098668876
17.7133908995892
9.423279200447737
16.69499088986774
23.817669464042325
12.423279853537707
27.209975727367947
3.622633581515373
1.295745849609375
9.932592601282494
5.256590098841073
26.10988407954568
41.29221310163828
22.407836391590536
48.75934033817617
14.309322122717191
33.40650626458219
22.083931675879114
13.603483931859927
33.83079528808594
54.00722770253185
21.647932131309005
12.1343916004991
46.35730905504883
14.023943652398941
42.132452819962225
51.72921374137502
32.15240439330228
24.198095216183106
29.862055975245198
67.90665495744926
61.569954126142136
32.03235333506029
10.939051302382609
19.853581493022034
5.046610530000407
26.895817037439087
3.48597497586195
15.404573100619075
43.11507564806362
27.00491541996604
8.025404731743379
40.584917749976455
13.076095604570924
20.74658751720574
22.13207576773118
41.071694542421255
0.2824284299273927
83.22927908692509
86.6508048092943
63.595430164830816
11.858139714692186
71.47560417698668
50.80578704713844
52.06909375614492
79.41800057375809
18.400272473227346
30.936987340217627
15.635231486987493
4.594340544659929
65.9261498120614
10.948861421086121
10.565390287898254
41.56538310390857
62.99284477997537
90.4150745435619
36.6039329441262
44.209792675450046
27.056340543320516
9.536713560810313
51.802367510972545
22.86357636819571
58.397995541105445
50.29145475733122
51.40922117698966
29.803724521771414
88.34995938930626
5.9715456003320355
19.987968106521123
33.59926284034708
23.98649299098207
42.194224839099036
62.80372334620944
6.232282479526816
18.165201316122193
12.692007066448923
37.79622746934166
53.49195354757853
33.60297610494331
49.78214990021695
92.254117260687
20.044168993132416
19.397978691384196
36.993217260576614
21.236991674639114
54.23699049907714
4.274308188818793
12.067857164657141
18.569956869120006
84.8687172974461
57.16246213228408
162.23806619015517
19.268156522186416
2.7318426941055804
27.863591389265025
41.39606731710978
36.60295167937841
48.044283879455236
59.88157185935438
66.86869665980299
12.696140785003195
127.52182006835938
48.932071136543584
41.29363843868481
75.85813135514053
43.92740469006836
209.02392758638564
49.57581985439134
62.019698205869986
50.813553877873005
13.697989687323343
36.42990569467668
32.69736736593791
78.60297754174121
11.622377708787155
14.250458939233795
28.914661618414982
6.537358087254802
43.697366974083934
26.217877790797786
38.46260094572756
25.249064012663666
21.602010728558298
155.7962475845128
91.52416378282925
60.63523292378545
44.728226776468034
9.980317468289343
0.9654705123972462
28.584915137616576
62.746579941362086
16.668906304752227
9.91289734607551
31.942865999648234
98.1209887436122
34.575841667596364
49.05714327422936
37.18644298729515
34.72415513801394
15.886354628950414
17.025398331461645
42.64001739141537
14.392001164611486
5.210247481940598
0.5745515697635142
24.21023768559104
30.025403948035432
67.10654522478603
52.75569037627463
20.584924542112162
22.71914907963952
41.84199756686547
100.4356156166179
94.95137896714715
14.806697741616404
35.16246291599208
11.07608959614322
30.375902073690327
1.7619249278212123
57.18598561547725
94.69845450436691
48.91659349971445
13.41800292488199
14.932537912857072
15.315190902212748
16.798349117627595
3.3759212745354716
20.6633655591869
14.614426988875891
13.01594972144784
9.323624464450802
23.633926498703318
48.19045837642619
3.9400773220698966
29.99887450691324
38.067487557651816
8.886976736132397
38.998868106631505
89.60799361066873
81.26789921266027
17.886734115890818
46.19045236799849
21.96765842055919
39.478572741616404
46.15310721192509
51.66395790898247
24.852305371314515
28.788414708105677
3.1537191309035393
60.850552676944005
27.60799125954486
45.788415622431614
23.035579708171923
4.4520407116505964
2.3432820716408287
1.2924580494875215
17.267890853108668
15.048617114313004
19.77927743643511
20.203529019607032
15.39452419662831